0	0	13.2
1	0	15.9
1	1	10.7
1	3	9.9
1	5	24.5
1	7	18.5
1	9	13.1
1	11	33.6
1	13	22.3
1	15	17.6
1	17	18.7
1	19	17.7
1	21	17.1
1	23	22.9
1	25	20.6
1	27	16.9
1	29	14.8
1	31	15.2
1	33	12.7
1	35	24.9
1	37	15.7
1	39	18.9
1	41	18.9
1	43	14.8
1	45	15
1	47	29.9
1	49	18.7
1	51	11.4
1	53	24.1
1	55	16.7
1	57	19.8
1	59	19.5
1	61	17.8
1	63	30.3
1	65	26
1	67	18.6
1	69	15.1
1	71	16.9
1	73	13.8
1	75	18.2
1	77	17
1	79	15
1	81	15.5
1	83	12.1
1	85	25.4
1	87	30.5
1	89	11.3
1	91	22.6
1	93	19.6
1	95	18
1	97	18.6
1	99	21.8
1	101	17.6
1	103	12.5
1	105	31.7
1	107	25.6
1	109	22.5
1	111	17.3
1	113	23.3
1	115	12.6
1	117	5.8
1	119	32.9
1	121	18.7
1	123	19.5
1	125	17.3
1	127	17.4
1	129	18.2
1	131	30.2
1	133	18.3
2	0	9.2
2	13	15.3
2	16	9
2	20	7.2
2	50	21.5
2	60	7.8
2	68	5.4
2	70	19.6
2	90	7.5
2	100	10.4
2	105	15.9
2	110	6.7
2	122	10.3
2	130	8.7
2	150	8
2	164	17.2
2	170	9.3
2	180	20.9
2	185	11.4
2	188	16.5
2	201	15.2
2	220	7.8
2	230	3.5
2	240	13.3
2	261	8.5
2	270	29.2
2	280	9.8
2	282	13.3
2	290	24.9
4	0	14.7
4	1	33.2
4	3	16
4	5	16
4	7	16.1
4	9	21.4
4	11	11.3
4	12	26.1
4	13	13.4
4	15	16.8
4	17	23.1
4	19	15.4
4	21	14
4	23	18.5
4	25	12.9
4	27	21.5
5	0	17.3
5	1	20.1
5	3	18.3
5	5	16.8
5	7	11.1
5	9	15
5	11	24.1
5	13	16.5
5	15	15.6
5	17	30.4
5	19	21.8
5	21	18.1
5	23	15.2
5	25	19.5
5	27	20.7
5	29	17.1
5	31	17.5
5	33	15.6
5	35	20.5
5	37	18.7
5	39	21
5	41	29
5	43	20.4
5	45	16.2
5	47	17
5	49	18.7
5	51	16.1
5	53	11.5
5	55	16.6
5	57	20.6
5	59	15.7
5	61	21.3
5	63	15.1
5	65	19.7
5	67	24.9
5	69	20.6
5	71	17.4
5	73	25.4
5	75	20.8
5	77	38.6
5	79	29
5	81	18.4
5	83	16.6
5	85	11.7
5	87	17
5	89	17.7
5	91	19.8
5	93	23.5
5	95	26
5	97	17.7
5	99	22
5	101	23.3
5	103	22
5	105	16.2
5	107	34.9
5	109	17.5
5	111	23.8
5	113	19.5
5	115	15.7
5	117	18.1
5	119	16.5
5	121	20.4
5	123	31.4
5	125	9.6
5	127	19.9
5	129	24.2
5	131	17.3
5	133	22.3
5	135	19.7
5	137	19.4
5	139	19.8
5	141	18.3
5	143	15
5	145	16.7
5	147	27.1
5	149	17.6
6	0	13.3
6	1	10.4
6	3	15.7
6	5	9.8
6	7	20.7
6	9	11.5
6	11	13.5
6	13	9.4
6	15	23.6
6	17	7.8
6	19	22.1
6	21	16.9
6	23	19.8
6	25	21.5
6	27	11.6
6	29	20.5
6	31	17.9
6	33	17.9
6	35	20.7
6	37	15.3
6	39	18.2
6	41	7.1
6	43	13.5
6	45	17.7
6	47	21.5
6	49	17.4
6	51	9.6
6	53	12.7
6	55	9
6	57	9.2
6	59	9.9
6	61	6.7
6	63	12
6	65	12.6
6	67	13.3
6	69	10.4
6	71	14.7
6	73	12.6
6	75	11.2
6	77	16.5
6	79	12.1
6	81	6.5
6	83	12.7
6	85	7.6
6	87	13.3
6	89	17.7
6	91	12.7
6	93	16.4
6	95	9
6	97	10.4
6	99	14.4
6	101	15.5
6	103	16.5
6	105	19.9
6	107	21.5
6	109	12.5
6	111	8.7
6	113	14.6
6	115	16.6
8	0	11.2
8	1	12
8	3	21.4
8	5	9.8
8	7	11.3
8	9	17.7
8	11	29.4
8	13	10.3
8	14	5
8	15	11.9
8	17	12
8	19	7.4
8	21	21.2
8	23	24.8
8	25	46.2
8	27	11.8
8	29	12.1
8	31	18
8	33	11.8
8	35	3.1
8	37	6.8
8	39	5.5
8	41	10.6
8	43	14.7
8	45	7.4
8	47	6.2
8	49	6.9
8	51	12
8	53	7.3
8	55	23.8
8	57	15.6
8	59	7.6
8	61	12.2
8	63	14.5
8	65	12.7
8	67	10.9
8	69	11.6
8	71	16.8
8	73	16.8
8	75	13.4
8	77	10.6
8	79	10.4
8	81	9.5
8	83	16.3
8	85	11.9
8	87	12.7
8	89	22.2
8	91	7.6
8	93	8.2
8	95	11.9
8	97	5
8	99	19.1
8	101	16.8
8	103	8.1
8	105	15.4
8	107	5.8
8	109	29.9
8	111	12.4
8	113	8.2
8	115	11.8
8	117	6.8
8	119	7.3
8	121	12.4
8	123	12
8	125	12.7
9	0	9.1
9	1	8.2
9	3	10.4
9	5	5.6
9	7	5.5
9	9	11
9	11	6.9
9	13	6.8
9	15	11.7
10	0	10.3
10	1	10.7
10	3	9.6
10	5	12
11	0	16.9
11	1	16.9
12	0	13.3
12	1	20
12	3	15.3
12	5	11.9
12	7	19.3
12	9	10.7
12	11	12
12	13	20.9
12	15	10.3
12	17	15.8
12	19	8.3
12	21	10.2
12	23	18
12	27	22.4
12	29	22.8
12	31	12.1
12	33	16
12	35	9.8
12	37	23.1
12	39	26.6
12	41	16.8
12	43	21.8
12	45	21.2
12	47	29.3
12	49	23.1
12	51	23.8
12	53	12.4
12	55	16.7
12	57	13.9
12	59	21
12	61	12.4
12	63	19
12	65	18.5
12	67	25.6
12	69	10.3
12	71	10.6
12	73	18.6
12	75	17.8
12	77	21.5
12	79	23.6
12	81	12.2
12	83	16
12	85	10.4
12	86	16.5
12	87	10.4
12	89	8.9
12	91	8.7
12	93	20.8
12	95	13.7
12	97	11.9
12	99	11.7
12	101	13.2
12	103	10.9
12	105	15.3
12	107	23.1
12	109	7.9
12	111	12.9
12	113	10.6
12	115	9.9
12	117	9.3
12	119	13.2
12	121	19.9
12	123	22.9
12	125	23.6
12	127	12.9
12	129	13
12	131	14.9
12	133	23.2
13	0	14.7
13	1	20.3
13	3	24.6
13	5	19.3
13	7	26
13	9	23.5
13	11	15.3
13	13	11.3
13	15	12.6
13	17	23.2
13	19	21.9
13	21	22.1
13	23	19.5
13	25	17.6
13	27	22
13	29	10.2
13	31	23.1
13	33	28.1
13	35	15.6
13	37	33.4
13	39	12.3
13	43	23.7
13	45	15.9
13	47	11.4
13	49	21.5
13	51	17
13	53	19.7
13	55	17.9
13	57	6.7
13	59	30.8
13	61	31.1
13	63	14.7
13	65	24.8
13	67	9.1
13	69	21.4
13	71	22.6
13	73	6.6
13	75	20.8
13	77	9.6
13	79	17.8
13	81	27.7
13	83	14.5
13	85	10.7
13	87	25.1
13	89	15.6
13	91	22.6
13	93	27.2
13	95	25.3
13	97	9.9
13	99	25.9
13	101	26.7
13	103	10.1
13	105	18.6
13	107	26.2
13	109	24.8
13	111	15.2
13	113	4.7
13	115	18.4
13	117	5
13	119	18.8
13	121	14.9
13	123	17.1
13	125	16.8
13	127	17
13	129	13
13	131	22.4
13	133	19
13	135	9.6
13	137	13.5
13	139	14.2
13	141	31.4
13	143	19.2
13	145	8.7
13	147	16.6
13	149	16.7
13	151	8.1
13	153	11.4
13	155	22.3
13	157	12.1
13	159	15.4
13	161	19.1
13	163	22.9
13	165	26.8
13	167	28.2
13	169	12.1
13	171	15.5
13	173	21.4
13	175	21
13	177	10.1
13	179	15.4
13	181	18.4
13	183	23.2
13	185	19.6
13	187	15.1
13	189	17.8
13	191	18.8
13	193	26.5
13	195	16.3
13	197	24.1
13	199	18.7
13	201	25.7
13	205	27.3
13	207	13.7
13	209	23
13	211	13.5
13	213	13.7
13	215	18.3
13	217	11.7
13	219	6.9
13	221	14.2
13	223	7.7
13	225	20.6
13	227	12.1
13	229	17.6
13	231	10.6
13	233	16.4
13	235	20.2
13	237	15.8
13	239	23.1
13	241	18.2
13	243	27.2
13	245	23.8
13	247	12.8
13	249	17.7
13	251	21.9
13	253	23.1
13	255	17.9
13	257	17.8
13	259	27.1
13	261	28.7
13	263	22.4
13	265	26.6
13	267	24.5
13	269	25.8
13	271	33
13	273	28.9
13	275	20.7
13	277	21.3
13	279	24.2
13	281	14
13	283	28.7
13	285	17.9
13	287	28.6
13	289	21.1
13	291	13.8
13	293	18.6
13	295	15.2
13	297	12.4
13	299	20.7
13	301	25.7
13	303	23.4
13	305	20.3
13	307	19.5
13	309	35.2
13	311	14.3
13	313	14.1
13	315	30.8
13	317	21.8
13	319	19.3
13	321	21.1
15	0	9.3
15	1	13.3
15	3	8.5
15	5	.
15	7	9.9
15	9	9
16	0	12.5
16	1	9
16	3	13.2
16	5	14.1
16	7	11.7
16	9	15
16	11	13
16	13	7.1
16	15	11.2
16	17	15.1
16	19	10.9
16	21	15
16	23	14.9
16	25	9.2
16	27	14.9
16	29	10.9
16	31	15
16	33	16.5
16	35	15.9
16	37	13.3
16	39	14
16	41	9.3
16	43	13.6
16	45	14.8
16	47	12.6
16	49	18.7
16	51	10.1
16	53	12.9
16	55	9.4
16	57	20.7
16	59	15.4
16	61	14.2
16	63	10.7
16	65	25.1
16	67	13.4
16	69	12.9
16	71	11.7
16	73	17.5
16	75	14.6
16	77	15.2
16	79	18.2
16	81	7.9
16	83	14.5
16	85	9.6
16	87	16.3
17	0	12.2
17	1	12.4
17	3	29.5
17	5	14.3
17	7	7.5
17	9	15.1
17	11	9.9
17	13	10.8
17	15	11.4
17	17	12.4
17	19	18.7
17	21	13.6
17	23	12.2
17	25	13.8
17	27	7.8
17	29	19.2
17	31	14.8
17	33	13.6
17	35	11.7
17	37	12.1
17	39	10.2
17	41	9.2
17	43	5.8
17	45	13.3
17	47	11.1
17	49	10.8
17	51	15.1
17	53	9.8
17	55	18.3
17	57	15.1
17	59	18.6
17	61	15.1
17	63	6.5
17	65	12.9
17	67	11.3
17	69	20.6
17	71	11.8
17	73	9.9
17	75	10.8
17	77	22.9
17	79	10.9
17	81	17.2
17	83	9.8
17	85	8.5
17	87	17
17	89	9
17	91	13.7
17	93	3.4
17	95	16.5
17	97	7.6
17	99	10.4
17	101	17.3
17	103	9.9
17	105	11.4
17	107	12.3
17	109	20.8
17	111	5.2
17	113	11.4
17	115	13.5
17	117	12.6
17	119	12.6
17	121	14.6
17	123	8.8
17	125	13.5
17	127	15.6
17	129	9.1
17	131	9.4
17	133	4.4
17	135	16.8
17	137	14
17	139	9.9
17	141	8.5
17	143	15
17	145	16.3
17	147	6.4
17	149	15.6
17	151	19.3
17	153	26.6
17	155	7.4
17	157	14.4
17	159	14.9
17	161	12
17	163	15.3
17	165	19.2
17	167	11.4
17	169	12.4
17	171	10.9
17	173	10.3
17	175	10.8
17	177	12.9
17	179	7.8
17	181	17.6
17	183	14.6
17	185	13.5
17	187	12.6
17	189	8.5
17	191	13.7
17	193	14.9
17	195	11.3
17	197	6.5
17	199	18.5
17	201	13.8
17	203	5.9
18	0	12.9
18	1	12.7
18	3	11.5
18	5	10.6
18	7	10.4
18	9	13.9
18	11	6.4
18	13	10.5
18	15	8.5
18	17	11.4
18	19	10.8
18	21	11.8
18	23	14.5
18	25	17.1
18	27	14.6
18	29	8.1
18	31	12.3
18	33	10.3
18	35	17.2
18	37	7.5
18	39	12.6
18	41	15.2
18	43	11.4
18	45	11.5
18	47	10.3
18	49	12.2
18	51	11.9
18	53	17.8
18	55	13.7
18	57	4.2
18	59	5.7
18	61	9.7
18	63	5.2
18	65	12.3
18	67	13.3
18	69	10.8
18	71	10.5
18	73	8.9
18	75	14.3
18	77	13.2
18	79	12.3
18	81	7.4
18	83	16.6
18	85	9
18	87	10.2
18	89	16.7
18	91	12.7
18	93	14.3
18	95	14.6
18	97	16.5
18	99	9.6
18	101	12.9
18	103	14.2
18	105	20.7
18	107	11.5
18	109	10.6
18	111	9.7
18	113	10
18	115	9
18	117	15.9
18	119	13.4
18	121	16.7
18	123	11.9
18	125	10.9
18	127	8.7
18	129	10.1
18	131	12.9
18	133	11.7
18	135	13.5
18	137	10.4
18	139	10.9
18	141	14.6
18	143	16.4
18	145	10.8
18	147	9.3
18	149	15.4
18	151	9.2
18	153	15.2
18	155	16.3
18	157	18.2
18	159	8.7
18	161	11.9
18	163	16.9
18	165	12.2
18	167	19.7
18	169	12
18	171	8.8
18	173	7.7
18	175	13.9
18	177	17.2
18	179	8.6
18	181	11.4
18	183	7.5
19	0	11.4
19	1	10
19	3	11.2
19	5	12.6
19	7	18.1
19	9	11.1
19	11	8
19	13	14.7
19	15	9.9
19	17	7.1
19	19	10
19	21	12.3
19	23	9.3
19	25	13.2
19	27	9.1
19	29	13.9
19	31	7.4
19	33	13.1
19	35	8.6
19	37	10.4
19	39	11.2
19	41	10.8
19	43	10.8
19	45	12
19	47	12.3
19	49	6.6
19	51	14.1
19	53	21.7
19	55	9.5
19	57	14.7
19	59	7.9
19	61	10.6
19	63	12.1
19	65	14.2
19	67	12
19	69	10.3
19	71	10.9
19	73	10.7
19	75	6.4
19	77	9.4
19	79	8.8
19	81	8.6
19	83	11.9
19	85	10.8
19	87	12.1
19	89	11.1
19	91	10.5
19	93	10.2
19	95	7.9
19	97	12.5
19	99	10.4
19	101	14.3
19	103	15.7
19	105	11.6
19	107	12.7
19	109	11.1
19	111	14.6
19	113	9.3
19	115	11.2
19	117	15
19	119	7.9
19	121	8.1
19	123	12.9
19	125	8.4
19	127	12.9
19	129	9.6
19	131	9.4
19	133	13.8
19	135	13.4
19	137	14.2
19	139	11.9
19	141	9
19	143	8.8
19	145	14.7
19	147	11.4
19	149	7.3
19	151	10.8
19	153	9.9
19	155	11.6
19	157	10.8
19	159	16.5
19	161	11.1
19	163	11.8
19	165	9.4
19	167	7.5
19	169	17.8
19	171	10.7
19	173	14.4
19	175	13.8
19	177	14.3
19	179	15.2
19	181	6.8
19	183	9.2
19	185	16.3
19	187	13.7
19	189	10.2
19	191	10.6
19	193	14.2
19	195	9.1
19	197	10.2
20	0	11.3
20	1	15.2
20	3	13.7
20	5	13.6
20	7	11.5
20	9	14.6
20	11	15.6
20	13	15.7
20	15	8.7
20	17	12.3
20	19	14.4
20	21	16.6
20	23	10.4
20	25	12.4
20	27	11.1
20	29	13.6
20	31	10.1
20	33	10.4
20	35	15.9
20	37	18.3
20	39	12.5
20	41	9.3
20	43	12.4
20	45	17.8
20	47	11.7
20	49	16
20	51	11.2
20	53	10.5
20	55	13.9
20	57	13.5
20	59	9.8
20	61	10.5
20	63	9.9
20	65	11.2
20	67	9.8
20	69	8.8
20	71	10.2
20	73	15.5
20	75	12.2
20	77	13.4
20	79	9.7
20	81	10
20	83	9.6
20	85	10
20	87	8.2
20	89	12.6
20	91	4.6
20	93	11.2
20	95	10.4
20	97	12.7
20	99	15.7
20	101	8.5
20	103	8.3
20	105	10.7
20	107	11.8
20	109	9.7
20	111	15.3
20	113	8.6
20	115	10.3
20	117	10.5
20	119	9.5
20	121	7.5
20	123	10.6
20	125	12.4
20	127	10.4
20	129	9.9
20	131	9.3
20	133	14.4
20	135	9.3
20	137	12.3
20	139	11.3
20	141	12.4
20	143	8.7
20	145	12.5
20	147	11.4
20	149	8
20	151	11
20	153	12.7
20	155	12.5
20	157	11.8
20	159	12.7
20	161	19.8
20	163	11.5
20	165	10.9
20	167	12.8
20	169	11.3
20	171	7.7
20	173	12.3
20	175	13.4
20	177	12.2
20	179	11.2
20	181	13.9
20	183	11.9
20	185	12.3
20	187	11.4
20	189	9.1
20	191	11.5
20	193	10.1
20	195	10.7
20	197	8.2
20	199	13.1
20	201	9.4
20	203	11.9
20	205	12.7
20	207	16.6
20	209	19.2
21	0	17.3
21	1	23.4
21	3	19.2
21	5	9.7
21	7	15.2
21	9	17.8
21	11	26.7
21	13	31.3
21	15	6.1
21	17	14.3
21	19	18
21	21	15.8
21	23	13.7
21	25	31.5
21	27	18.9
21	29	9.4
21	31	19.2
21	33	16.8
21	35	18.2
21	37	11.5
21	39	15.5
21	41	14.6
21	43	20.8
21	45	26.2
21	47	20.6
21	49	15.8
21	51	38.3
21	53	26.4
21	55	18
21	57	23.7
21	59	13.6
21	61	20.7
21	63	29.8
21	65	24.1
21	67	15.4
21	69	18.5
21	71	28.1
21	73	13.1
21	75	30.1
21	77	17
21	79	16.6
21	81	14.3
21	83	20.5
21	85	19.1
21	87	20.7
21	89	17
21	91	13.2
21	93	12.4
21	95	33.9
21	97	15.3
21	99	21.7
21	101	14.8
21	103	16.4
21	105	18
21	107	18.5
21	109	27.1
21	111	14.6
21	113	12.1
21	115	26
21	117	11
21	119	30.2
21	121	33.4
21	123	17.3
21	125	20.1
21	127	27.1
21	129	33.9
21	131	30
21	133	29.4
21	135	26.4
21	137	21
21	139	13.6
21	141	17.8
21	143	16.4
21	145	16.7
21	147	35.4
21	149	17.6
21	151	16.2
21	153	34.9
21	155	19.7
21	157	12.3
21	159	35.3
21	161	18.8
21	163	12.7
21	165	28
21	167	15.4
21	169	22.4
21	171	23.5
21	173	18.4
21	175	28.3
21	177	21.4
21	179	12.7
21	181	17.4
21	183	19.1
21	185	5.8
21	187	16.9
21	189	37.6
21	191	15.2
21	193	27.2
21	195	25.1
21	197	25.8
21	199	24.3
21	201	23
21	203	26.9
21	205	25.3
21	207	23.5
21	209	11.2
21	211	11.5
21	213	14.3
21	215	8.8
21	217	19
21	219	18.2
21	221	13.9
21	223	14.8
21	225	18.4
21	227	17.1
21	229	16.6
21	231	28.1
21	233	17.7
21	235	27.2
21	237	36.1
21	239	9.7
22	0	17.6
22	1	19.7
22	3	20.7
22	5	9.9
22	7	19.3
22	9	21.9
22	11	14
22	13	21
22	15	13.6
22	17	19.8
22	19	15.4
22	21	21.5
22	23	12.7
22	25	21.9
22	27	28.7
22	29	25.2
22	31	18.1
22	33	17.2
22	35	43.7
22	37	21.2
22	39	22.7
22	41	26.1
22	43	17.3
22	45	18.8
22	47	21.6
22	49	18.4
22	51	12.9
22	53	16.7
22	55	14.7
22	57	15.9
22	59	16.2
22	61	23.6
22	63	11.4
22	65	34.6
22	67	25.2
22	69	31.7
22	71	22.9
22	73	21.9
22	75	15.1
22	77	21
22	79	18
22	81	23.4
22	83	24.2
22	85	20.9
22	87	20.3
22	89	11.6
22	91	19.8
22	93	15.8
22	95	14.7
22	97	25.6
22	99	19.5
22	101	18.5
22	103	10
22	105	22.2
22	107	32.4
22	109	15.8
22	111	18.3
22	113	17.9
22	115	15.4
22	117	24.1
22	119	17.9
22	121	16.1
22	123	23.7
22	125	21.9
22	127	23.9
23	0	12.6
23	1	13.1
23	3	15.2
23	5	10.4
23	7	17.5
23	9	10.8
23	11	11.8
23	13	13.4
23	15	10.9
23	17	14.1
23	19	15.9
23	21	16.2
23	23	9.8
23	25	18.7
23	27	12.6
23	29	20.1
23	31	9.4
24	0	8.2
24	1	15.3
24	3	5
24	5	7.9
24	9	5.6
24	11	10.8
24	13	5.6
24	15	7.2
24	17	6.2
24	19	14.3
24	21	5.4
24	23	15
24	25	5.7
24	27	4.3
24	29	12
24	31	5.8
24	33	6.7
24	35	6.3
24	37	7.4
24	39	23.1
24	41	8.3
24	43	9.4
24	45	12.8
24	47	10.5
24	510	19.2
25	0	10.1
25	1	8.1
25	3	12.5
25	5	11.6
25	7	7.4
25	9	9.4
25	11	12.1
25	13	15.4
25	15	10.9
25	17	8.1
25	19	6.2
25	21	6.1
25	23	7.1
25	25	18
25	27	8.4
26	0	14.4
26	1	15.5
26	3	13.5
26	5	11.5
26	7	16.5
26	9	12.9
26	11	18.2
26	13	16.1
26	15	8.8
26	17	12.8
26	19	10.3
26	21	17.5
26	23	14.8
26	25	16.2
26	27	13.9
26	29	11.2
26	31	18.2
26	33	18
26	35	19.1
26	37	8
26	39	17.8
26	41	13.8
26	43	12.1
26	45	8.7
26	47	10
26	49	16.6
26	51	17.8
26	53	19.2
26	55	9.5
26	57	15.2
26	59	15.1
26	61	20.2
26	63	13.1
26	65	18.1
26	67	14
26	69	17.6
26	71	15.4
26	73	29.4
26	75	13.2
26	77	15.9
26	79	15
26	81	14.6
26	83	14.7
26	85	20.1
26	87	10.1
26	89	8.5
26	91	13.1
26	93	6.5
26	95	20.3
26	97	11.5
26	99	9.4
26	101	13.6
26	103	14.2
26	105	15.7
26	107	20.9
26	109	15.7
26	111	9.8
26	113	14.6
26	115	10.1
26	117	15.5
26	119	17.7
26	121	17.9
26	123	16.2
26	125	8.6
26	127	18.8
26	129	18.8
26	131	15.8
26	133	16.7
26	135	17.7
26	137	10.1
26	139	8.1
26	141	13.8
26	143	18.4
26	145	19.1
26	147	11.1
26	149	14.4
26	151	14.5
26	153	15.6
26	155	12.8
26	157	14.5
26	159	15
26	161	13.7
26	163	20.5
26	165	15.2
27	0	9.6
27	1	13.9
27	3	5.8
27	5	11.6
27	7	17
27	9	10.2
27	11	12.6
27	13	15.8
27	15	9.4
27	17	10.9
27	19	4.6
27	21	14.5
27	23	9.5
27	25	6.6
27	27	13
27	29	14.3
27	31	9.1
27	33	11.9
27	35	11.4
27	37	4.6
27	39	6.7
27	41	8.7
27	43	10.7
27	45	10.8
27	47	10.9
27	49	6.9
27	51	10.8
27	53	11
27	55	8.9
27	57	10.8
27	59	7.5
27	61	12.9
27	63	8.7
27	65	11.4
27	67	10.7
27	69	10.5
27	71	13
27	73	8.9
27	75	9.7
27	77	12.1
27	79	7.7
27	81	10
27	83	10.5
27	85	6.6
27	87	21.8
27	89	9.8
27	91	11.3
27	93	9.1
27	95	12.3
27	97	13.3
27	99	12.4
27	101	8.9
27	103	10.2
27	105	13.4
27	107	12
27	109	7.6
27	111	12.5
27	113	11.3
27	115	13.6
27	117	10.6
27	119	12.2
27	121	10.1
27	123	13.5
27	125	11.5
27	127	9.9
27	129	11
27	131	9.2
27	133	9
27	135	8.2
27	137	14.4
27	139	4.4
27	141	5.8
27	143	10
27	145	10.1
27	147	7.7
27	149	12.3
27	151	11.7
27	153	13.4
27	155	11.9
27	157	7.7
27	159	17.3
27	161	8.8
27	163	4.5
27	165	11.1
27	167	7.7
27	169	13.7
27	171	5.6
27	173	9.9
28	0	20.8
28	1	26.7
28	3	19.5
28	5	24.2
28	7	25.7
28	9	23.3
28	11	35.2
28	13	20.1
28	15	17.8
28	17	22.1
28	19	24.7
28	21	35.1
28	23	21.1
28	25	25.2
28	27	32.2
28	29	24.6
28	31	24.4
28	33	9.4
28	35	24.3
28	37	21.6
28	39	16.3
28	41	22.2
28	43	21.3
28	45	17.4
28	47	16.2
28	49	23.1
28	51	34.9
28	53	35.2
28	55	48.1
28	57	15
28	59	13.3
28	61	21
28	63	37.5
28	65	27.8
28	67	22.3
28	69	26.3
28	71	20.6
28	73	14.5
28	75	20.8
28	77	20.2
28	79	23.6
28	81	17.7
28	83	38.8
28	85	20.6
28	87	22.6
28	89	13.4
28	91	25.2
28	93	23.6
28	95	20.3
28	97	24.3
28	99	16.7
28	101	19.2
28	103	32.9
28	105	33.2
28	107	25.1
28	109	19.5
28	111	19.9
28	113	24
28	115	15.6
28	117	19
28	119	34.9
28	121	11.1
28	123	21.8
28	125	38.1
28	127	21.6
28	129	17.8
28	131	18.1
28	133	36.1
28	135	28.9
28	137	17.2
28	139	18.5
28	141	18.9
28	143	24.6
28	145	15.5
28	147	25.2
28	149	21
28	151	35.8
28	153	22.6
28	155	21
28	157	31.6
28	159	20.6
28	161	21.8
28	163	34.5
29	0	13.5
29	1	27.3
29	3	9.4
29	5	13.8
29	7	17.2
29	9	16.9
29	11	17.4
29	13	16.4
29	15	17.5
29	17	18
29	19	16.8
29	21	15
29	23	20.8
29	25	14.6
29	27	11.3
29	29	12.4
29	31	13.5
29	33	15.6
29	35	25.4
29	37	7.3
29	39	20.9
29	41	14.4
29	43	9.5
29	45	15.4
29	47	7.4
29	49	10.5
29	51	9.3
29	53	13.5
29	55	17.8
29	57	18.1
29	59	18.6
29	61	15.3
29	63	16.1
29	65	19.4
29	67	21.8
29	69	25
29	71	9
29	73	13.1
29	75	14.3
29	77	15.4
29	79	16.9
29	81	16.7
29	83	15.3
29	85	20
29	87	15.7
29	89	14.9
29	91	19.2
29	93	21.6
29	95	14.4
29	97	17.9
29	99	8.2
29	101	12.9
29	103	17
29	105	18.1
29	107	13.1
29	109	15.8
29	111	17.2
29	113	10.5
29	115	16.3
29	117	14.7
29	119	21
29	121	14.8
29	123	17.3
29	125	17
29	127	15.8
29	129	14.5
29	131	17
29	133	26.1
29	135	12.7
29	137	13.6
29	139	14.7
29	141	17.2
29	143	23.7
29	145	14.6
29	147	19
29	149	23.4
29	151	10
29	153	21.7
29	155	31.7
29	157	12.3
29	159	15
29	161	18.2
29	163	17.8
29	165	6.7
29	167	17.4
29	169	14
29	171	18.2
29	173	10.6
29	175	17.8
29	177	9.8
29	179	21
29	181	25.6
29	183	5
29	185	21.6
29	186	10.3
29	187	16.8
29	189	9
29	195	18
29	197	19.4
29	199	15.3
29	201	19.4
29	203	26
29	205	15.1
29	207	17.2
29	209	15.3
29	211	17
29	213	14.6
29	215	22.6
29	217	20.5
29	219	10.9
29	221	24.1
29	223	25.3
29	225	16.3
29	227	14.6
29	229	23.2
29	510	23.5
30	0	14.1
30	1	15.7
30	3	24.5
30	5	24
30	7	11.5
30	9	11.3
30	11	11.8
30	13	13.6
30	15	16.2
30	17	16.2
30	19	12.2
30	21	12.5
30	23	17.5
30	25	9.6
30	27	13.7
30	29	12.1
30	31	10.6
30	33	15.4
30	35	25.5
30	37	20
30	39	13.4
30	41	18.2
30	43	8.8
30	45	15
30	47	21.3
30	49	10.7
30	51	17.2
30	53	20.1
30	55	11.7
30	57	11.6
30	59	19.7
30	61	17.1
30	63	17
30	65	18.1
30	67	11.5
30	69	17
30	71	16.1
30	73	18.2
30	75	13
30	77	17.4
30	79	12.8
30	81	13.7
30	83	11.2
30	85	25.7
30	87	22.5
30	89	17.6
30	91	12.5
30	93	15.4
30	95	9.5
30	97	10.2
30	99	12.8
30	101	15.8
30	103	11.4
30	105	14.5
30	107	19.1
30	109	13.5
30	111	10.8
31	0	10.8
31	1	10.3
31	3	13.8
31	5	10.4
31	7	13.8
31	9	19.2
31	11	9.9
31	13	10.7
31	15	13.5
31	17	13
31	19	11.8
31	21	10.2
31	23	9.5
31	25	6.7
31	27	8.6
31	29	10.6
31	31	12.3
31	33	9.7
31	35	10.5
31	37	9.4
31	39	9.3
31	41	11.4
31	43	13.2
31	45	19.9
31	47	12
31	49	11.2
31	51	10.1
31	53	10.1
31	55	12.2
31	57	14.3
31	59	9.5
31	61	12.6
31	63	12.7
31	65	13.4
31	67	11.3
31	69	14.2
31	71	13.4
31	73	9.3
31	75	10
31	77	13.5
31	79	12.5
31	81	7.4
31	83	12
31	85	15.7
31	87	13.6
31	89	12.1
31	91	9.3
31	93	10.8
31	95	11.2
31	97	11.3
31	99	8.7
31	101	11.5
31	103	22.4
31	105	12.1
31	107	15.4
31	109	10.6
31	111	9.6
31	113	10.5
31	115	17.7
31	117	12.9
31	119	12.1
31	121	10.1
31	123	13.5
31	125	13
31	127	11.8
31	129	13.2
31	131	9.6
31	133	12.9
31	135	10.7
31	137	10.4
31	139	9.8
31	141	7.7
31	143	7.8
31	145	10.6
31	147	10.9
31	149	17.6
31	151	9.8
31	153	5.4
31	155	7.4
31	157	14
31	159	7.7
31	161	15.6
31	163	12.3
31	165	13.1
31	167	8.7
31	169	10.9
31	171	13.2
31	173	28.2
31	175	12.6
31	177	6.7
31	179	12.1
31	181	11.5
31	183	18.7
31	185	9.7
32	0	11.2
32	1	10.6
32	3	11.1
32	5	8
32	7	7.5
32	9	14.3
32	11	10
32	13	10.2
32	15	9.9
32	17	13.9
32	19	9.6
32	21	15.9
32	23	15.8
32	27	18.1
32	29	5.2
32	31	12.2
32	33	13.5
32	510	11.3
33	0	7.8
33	1	9.1
33	3	9.2
33	5	10.3
33	7	13
33	9	10.6
33	11	7
33	13	8.6
33	15	4.8
33	17	10.7
33	19	9.9
34	0	8.7
34	1	11.1
34	3	5.3
34	5	5.4
34	7	11.2
34	9	8.9
34	11	13.4
34	13	14.5
34	15	6.9
34	17	14.9
34	19	3.7
34	21	9
34	23	7.1
34	25	5.9
34	27	4
34	29	8.6
34	31	13.9
34	33	10.5
34	35	3.6
34	37	4.6
34	39	8.8
34	41	6.7
35	0	17
35	1	14.3
35	3	20.7
35	5	21.2
35	6	24.2
35	7	16.6
35	9	17.9
35	11	18
35	13	23.3
35	15	15.3
35	17	19
35	19	23.7
35	21	15.2
35	23	21.3
35	25	15.5
35	27	15.4
35	28	3.1
35	29	28
35	31	30.8
35	33	23
35	35	18
35	37	19.9
35	39	17.2
35	41	21.2
35	43	11
35	45	14.4
35	47	25.6
35	49	12.3
35	51	23.9
35	53	27.3
35	55	18.1
35	57	21.4
35	59	16
35	61	15.7
36	0	13.7
36	1	12.3
36	3	17.2
36	5	27.3
36	7	14.2
36	9	14.8
36	11	12.5
36	13	17.7
36	15	16.1
36	17	14.2
36	19	14.4
36	21	10.5
36	23	15.3
36	25	16.5
36	27	8.7
36	29	13.5
36	31	13
36	33	16.2
36	35	14.6
36	37	10.6
36	39	12.1
36	41	10.5
36	43	14
36	45	14.6
36	47	21.1
36	49	13.5
36	51	10.8
36	53	12.5
36	55	13.1
36	57	16.7
36	59	4.9
36	61	16.9
36	63	12.1
36	65	14.2
36	67	11.7
36	69	9.8
36	71	9.7
36	73	13.9
36	75	15.9
36	77	17.3
36	79	4.9
36	81	12.3
36	83	10.3
36	85	10.3
36	87	10.4
36	89	17.2
36	91	7.4
36	93	11.6
36	95	10.9
36	97	12.4
36	99	11.9
36	101	13.5
36	103	5.6
36	105	16.4
36	107	9.1
36	109	17.3
36	111	12.1
36	113	10.5
36	115	10.6
36	117	9.9
36	119	8.4
36	121	11.4
36	123	14.5
37	0	14.6
37	1	15.8
37	3	12.7
37	5	18.5
37	7	23.4
37	9	15.8
37	11	17.6
37	13	19.1
37	15	23.3
37	17	24
37	19	11.9
37	21	13.9
37	23	15.5
37	25	9.9
37	27	15.4
37	29	8.7
37	31	11.8
37	33	18.9
37	35	13.8
37	37	10.3
37	39	17.9
37	41	18.5
37	43	15.2
37	45	17.5
37	47	21.9
37	49	14.9
37	51	15.8
37	53	9.7
37	55	9.3
37	57	14.5
37	59	10.8
37	61	20.5
37	63	13.8
37	65	22.6
37	67	14.9
37	69	14.1
37	71	15.1
37	73	15.7
37	75	17.7
37	77	13.7
37	79	21.7
37	81	13.6
37	83	23.7
37	85	15.2
37	87	14.5
37	89	12.7
37	91	22.7
37	93	19.6
37	95	22.4
37	97	11.6
37	99	16.9
37	101	12.7
37	103	18
37	105	13.9
37	107	23.5
37	109	12.4
37	111	14.6
37	113	13.8
37	115	17.7
37	117	23.4
37	119	10.9
37	121	17.2
37	123	19.6
37	125	11.6
37	127	15.5
37	129	14
37	131	26.6
37	133	14.8
37	135	13.9
37	137	16.3
37	139	17.3
37	141	14.8
37	143	18.1
37	145	13.7
37	147	22
37	149	12.3
37	151	14.1
37	153	23.7
37	155	30.4
37	157	16.2
37	159	15.6
37	161	16.8
37	163	22.1
37	165	27.6
37	167	12.7
37	169	14.9
37	171	15.9
37	173	16.1
37	175	12.4
37	177	26.9
37	179	8.6
37	181	25.7
37	183	9.2
37	185	24.4
37	187	23.2
37	189	18.9
37	191	18.3
37	193	20.9
37	195	21
37	197	13.8
37	199	18.4
38	0	11.5
38	1	11.1
38	3	11.7
38	5	27.9
38	7	11.4
38	9	11.6
38	11	8.2
38	13	10.4
38	15	8.9
38	17	10
38	19	10.9
38	21	12.9
38	23	11.6
38	25	12.2
38	27	13.1
38	29	13.3
38	31	9
38	33	13.2
38	35	15.2
38	37	17.1
38	39	10.6
38	41	13.1
38	43	14.3
38	45	11.3
38	47	13
38	49	13.7
38	51	13.1
38	53	14.4
38	55	11.1
38	57	7.2
38	59	9.5
38	61	14
38	63	10.3
38	65	10.2
38	67	8.4
38	69	12.3
38	71	12.6
38	73	9.6
38	75	8.8
38	77	9.3
38	79	27.9
38	81	7.1
38	83	17.9
38	85	37.8
38	87	11.6
38	89	10.2
38	91	7.4
38	93	11.6
38	95	10
38	97	8.6
38	99	11
38	101	9.8
38	103	12.3
38	105	9.9
39	0	13.3
39	1	21.9
39	3	14.7
39	5	12
39	7	15.6
39	9	29.6
39	11	7.8
39	13	16.1
39	15	13.2
39	17	11.9
39	19	12.5
39	21	11.8
39	23	13.8
39	25	8.8
39	27	10.9
39	29	14.5
39	31	13.2
39	33	12.6
39	35	15.9
39	37	9.8
39	39	9.8
39	41	4.9
39	43	12
39	45	8.9
39	47	13.1
39	49	15.1
39	51	7.8
39	53	20.3
39	55	6.9
39	57	10.7
39	59	17.1
39	61	13.6
39	63	9.8
39	65	14.7
39	67	17.7
39	69	8.6
39	71	12.9
39	73	15.6
39	75	10.8
39	77	13.7
39	79	20.7
39	81	17.9
39	83	13.2
39	85	8.5
39	87	18.2
39	89	10.2
39	91	10.8
39	93	12.3
39	95	18.6
39	97	11
39	99	16.7
39	101	16.9
39	103	5.8
39	105	20.1
39	107	7.2
39	109	7.9
39	111	15
39	113	15
39	115	21.1
39	117	11.1
39	119	16.9
39	121	16.5
39	123	9
39	125	11
39	127	15.8
39	129	12.4
39	131	19.6
39	133	11.8
39	135	8.4
39	137	7.6
39	139	14.7
39	141	16.3
39	143	10
39	145	20.2
39	147	11.1
39	149	9.2
39	151	12.4
39	153	12.5
39	155	15.5
39	157	11.4
39	159	7.1
39	161	8.1
39	163	23
39	165	6.6
39	167	16.9
39	169	11.1
39	171	9.7
39	173	10.1
39	175	8.4
40	0	15.7
40	1	22.9
40	3	17
40	5	20.8
40	7	10.9
40	9	15.8
40	11	22.6
40	13	20.3
40	15	21.3
40	17	8.5
40	19	16.4
40	21	25.3
40	23	24.7
40	25	16.3
40	27	11.4
40	29	22.2
40	31	18.3
40	33	16.8
40	35	19.2
40	37	12.7
40	39	18
40	41	19.9
40	43	12.9
40	45	12.4
40	47	16.7
40	49	15.6
40	51	16.3
40	53	13.6
40	55	23.2
40	57	27.5
40	59	10.3
40	61	20.3
40	63	24.3
40	65	17.2
40	67	22.3
40	69	20.3
40	71	17.2
40	73	11.8
40	75	19.2
40	77	17.5
40	79	21
40	81	14.2
40	83	13.9
40	85	14.2
40	87	10
40	89	25.6
40	91	20.8
40	93	9.8
40	95	17.1
40	97	17.3
40	99	16.8
40	101	19.7
40	103	13.7
40	105	17.1
40	107	23.7
40	109	16.1
40	111	20.3
40	113	13.1
40	115	19.6
40	117	15.8
40	119	18.7
40	121	17.2
40	123	19.4
40	125	16.5
40	127	25.8
40	129	11.5
40	131	10
40	133	22
40	135	20.7
40	137	13
40	139	12.2
40	141	21.9
40	143	13.6
40	145	11
40	147	13.2
40	149	14.9
40	151	16.6
40	153	12.8
41	0	13.5
41	1	16.9
41	3	15.6
41	5	9.2
41	7	13.3
41	9	11.3
41	11	17.8
41	13	12.6
41	15	14.8
41	17	10.4
41	19	14.2
41	21	11.6
41	23	15.2
41	25	15.9
41	27	13.2
41	29	16
41	31	16.4
41	33	19.4
41	35	17
41	37	17.9
41	39	15.7
41	41	16.7
41	43	14
41	45	21.3
41	47	15.8
41	49	14.2
41	51	14.1
41	53	11.9
41	55	16.3
41	57	15.6
41	59	15.2
41	61	15
41	63	13.9
41	65	17.1
41	67	9.5
41	69	16.8
41	71	12.5
42	0	12.1
42	1	7.8
42	3	12.4
42	5	10.9
42	7	11.6
42	9	13.2
42	11	11.3
42	13	14.3
42	15	15.2
42	17	5.1
42	19	8.8
42	21	15.5
42	23	13
42	25	11
42	27	14.8
42	29	5.8
42	31	14.4
42	33	16
42	35	16
42	37	14.4
42	39	15.9
42	41	7.6
42	43	10.8
42	45	9.1
42	47	9.4
42	49	14.6
42	51	20.8
42	53	24.2
42	55	8.5
42	57	12.9
42	59	16.6
42	61	13.5
42	63	16.2
42	65	12.6
42	67	10.7
42	69	13.1
42	71	9.2
42	73	13.5
42	75	9.3
42	77	10.2
42	79	14.1
42	81	13.8
42	83	17.7
42	85	13.8
42	87	13.1
42	89	10.1
42	91	6.2
42	93	10.5
42	95	8.7
42	97	13.3
42	99	9.3
42	101	23.8
42	103	8.8
42	105	14.4
42	107	12.4
42	109	11.2
42	111	14.3
42	113	14.1
42	115	12.2
42	117	15.9
42	119	13.6
42	121	15.4
42	123	11.4
42	125	10.3
42	127	13.4
42	129	10
42	131	11.9
42	133	8
44	0	12.1
44	1	8.6
44	3	8.1
44	5	8.9
44	7	14.6
44	9	8.2
45	0	15.7
45	1	17.6
45	3	16.3
45	5	41.8
45	7	14.3
45	9	28
45	11	22
45	13	10.1
45	15	14
45	17	17.2
45	19	15.4
45	21	17.6
45	23	19.7
45	25	20.6
45	27	25
45	29	21.1
45	31	21.9
45	33	23.9
45	35	10.1
45	37	19.5
45	39	21.7
45	41	18.2
45	43	17.9
45	45	13.8
45	47	16.8
45	49	23.4
45	51	14.5
45	53	19.8
45	55	13.9
45	57	16.9
45	59	18.3
45	61	27.6
45	63	10.6
45	65	19.5
45	67	24.1
45	69	27.5
45	71	16.5
45	73	16.1
45	75	23.8
45	77	16.5
45	79	14.3
45	81	16.7
45	83	14
45	85	19.5
45	87	18
45	89	30.5
45	91	12
46	0	12.7
46	3	11.8
46	5	11
46	7	33.8
46	9	14.2
46	11	12.5
46	13	11.4
46	15	12.9
46	17	37.7
46	19	14.5
46	21	11.6
46	23	22.8
46	25	12.9
46	27	20.7
46	29	10.3
46	31	34.9
46	33	10.3
46	35	12
46	37	13.5
46	39	9.4
46	41	27.5
46	43	13.2
46	45	11.3
46	47	15
46	49	13.4
46	51	10.2
46	53	17.7
46	55	11.1
46	57	10.7
46	59	10.2
46	61	7.6
46	63	12.3
46	65	9.3
46	67	12.2
46	69	13.1
46	71	32.4
46	73	14.1
46	75	14.5
46	77	8.9
46	79	10.2
46	81	12.1
46	83	4
46	85	21.6
46	87	8.6
46	89	15.4
46	91	13.3
46	93	9.5
46	95	34.3
46	97	11.8
46	99	8.6
46	101	9.4
46	103	13.5
46	105	15
46	107	10.6
46	109	18.1
46	111	13.5
46	113	46
46	115	12.4
46	117	9
46	119	8.2
46	121	40.1
46	123	18.5
46	125	8
46	127	6.2
46	129	16.1
46	135	11.2
46	137	54.4
47	0	15.5
47	1	15.4
47	3	16.7
47	5	18.5
47	7	23.9
47	9	10.8
47	11	13.2
47	13	22.8
47	15	15.3
47	17	17.4
47	19	21.5
47	21	9
47	23	16.3
47	25	20.8
47	27	21.4
47	29	20.6
47	31	17.1
47	33	18.2
47	35	15.5
47	37	16.9
47	39	18.2
47	41	19.7
47	43	13.8
47	45	17.7
47	47	12.7
47	49	23.5
47	51	17.2
47	53	17.1
47	55	16.3
47	57	19.5
47	59	17.8
47	61	29.5
47	63	16.8
47	65	14.1
47	67	30.8
47	69	22.8
47	71	20.4
47	73	20.3
47	75	21.9
47	77	16.6
47	79	16.8
47	81	18
47	83	19.6
47	85	14.1
47	87	22.4
47	89	16.5
47	91	25.8
47	93	14.3
47	95	37.8
47	97	23.6
47	99	15.5
47	101	19.6
47	103	16
47	105	11.1
47	107	16.3
47	109	18.9
47	111	20.3
47	113	15.4
47	115	15.7
47	117	14.4
47	119	14
47	121	20.8
47	123	17.4
47	125	13.3
47	127	11.6
47	129	20.9
47	131	16.7
47	133	17.9
47	135	19
47	137	19.8
47	139	17.2
47	141	17.9
47	143	17.9
47	145	15.5
47	147	11.1
47	149	10.2
47	151	24.8
47	153	16
47	155	13.2
47	157	18
47	159	12.9
47	161	14.9
47	163	14.1
47	165	8.7
47	167	13.7
47	169	15.1
47	171	17
47	173	19.3
47	175	18.9
47	177	19.6
47	179	14
47	181	20.7
47	183	21
47	185	19.2
47	187	5
47	189	8.5
48	0	15.8
48	1	21.2
48	3	13.4
48	5	20.1
48	7	19.3
48	9	8.5
48	11	10
48	13	18.2
48	15	10.6
48	17	17.4
48	19	13.2
48	21	13
48	23	18
48	25	28.9
48	27	13.4
48	29	17.1
48	31	10.6
48	33	9
48	35	13.9
48	37	19.3
48	39	9.6
48	41	25.2
48	43	17.1
48	45	15.3
48	47	32.8
48	49	17.2
48	51	15.5
48	53	12.9
48	55	15.1
48	57	15.7
48	59	14.7
48	61	33.5
48	63	17.1
48	65	8.5
48	67	18.2
48	69	19.9
48	71	9.1
48	73	22.2
48	75	25.4
48	77	11
48	79	22.3
48	81	15
48	83	22
48	85	6.4
48	87	20.4
48	89	17.9
48	91	8.5
48	93	18.3
48	95	25.4
48	97	11.9
48	99	14.7
48	101	21.3
48	103	10.6
48	105	13.5
48	107	23.6
48	109	23.7
48	111	13.6
48	113	17.3
48	115	21.7
48	117	19.3
48	119	19.4
48	121	6.5
48	123	19.3
48	125	26.8
48	127	33.4
48	129	17.4
48	131	26.5
48	133	18.9
48	135	15.5
48	137	22.2
48	139	9.8
48	141	25.2
48	143	18.8
48	145	24.2
48	147	16.3
48	149	11.9
48	151	15.6
48	153	21.9
48	155	17.5
48	157	8
48	159	15.4
48	161	14.5
48	163	28.2
48	165	17.2
48	167	11.9
48	169	22.1
48	171	9.6
48	173	9
48	175	14.2
48	177	19.2
48	179	14.7
48	181	12.3
48	183	14.1
48	185	15
48	187	10.6
48	189	19.1
48	191	24.6
48	193	13.6
48	195	12
48	197	17.6
48	199	13.2
48	201	15.3
48	203	14.8
48	205	10.4
48	207	22.2
48	209	14.2
48	211	8.7
48	213	15.4
48	215	34.8
48	217	16.3
48	219	17.6
48	221	10.1
48	223	15.8
48	225	26.1
48	227	21.2
48	229	30.1
48	231	14.4
48	233	11.7
48	235	9.4
48	237	14.9
48	239	13.4
48	241	20.5
48	243	12.2
48	245	17.3
48	247	22.8
48	249	21.6
48	251	9.4
48	253	23.6
48	255	27.5
48	257	9.9
48	259	7.7
48	261	16.4
48	263	11.4
48	265	13.3
48	267	17.4
48	269	12.3
48	271	21.5
48	273	24.2
48	275	21.1
48	277	17.4
48	279	21.3
48	281	14.7
48	283	29.1
48	285	13.1
48	287	12.9
48	289	14.8
48	291	16.3
48	293	18.1
48	295	12.2
48	297	17.8
48	299	12.8
48	301	14.3
48	303	15.7
48	305	19.6
48	307	22.7
48	309	20.1
48	311	13.6
48	313	21.8
48	315	21.6
48	317	15.9
48	319	13.9
48	321	18
48	323	26.5
48	325	16.8
48	327	20.8
48	329	10.1
48	331	16.5
48	333	18.3
48	335	26.2
48	337	14.2
48	339	9.4
48	341	13.6
48	343	17.6
48	345	19
48	347	21.3
48	349	18.5
48	351	22.3
48	353	20.7
48	355	17.4
48	357	12
48	359	13.5
48	361	13.6
48	363	14
48	365	13.9
48	367	10.3
48	369	14.2
48	371	20.5
48	373	15.5
48	375	22.5
48	377	21.3
48	379	15.6
48	381	7.8
48	383	9
48	385	18.8
48	387	18.8
48	389	27.5
48	391	15.5
48	393	6.7
48	395	20.5
48	397	6.2
48	399	18.4
48	401	15.9
48	403	15.6
48	405	24.2
48	407	19.1
48	409	17.1
48	411	21.2
48	413	14.6
48	415	18.3
48	417	11.5
48	419	23.5
48	421	14.2
48	423	13.1
48	425	9.4
48	427	36.8
48	429	17.5
48	431	11.5
48	433	16.7
48	435	11.4
48	437	19.6
48	439	12.1
48	441	16
48	443	20.3
48	445	25
48	447	14.3
48	449	15.2
48	451	14.7
48	453	14.4
48	455	20.8
48	457	20.2
48	459	14.5
48	461	14.8
48	463	23.8
48	465	20.5
48	467	15.5
48	469	15.4
48	471	23.5
48	473	15.5
48	475	16.4
48	477	13.6
48	479	26.6
48	481	16.3
48	483	12
48	485	13.9
48	487	15.9
48	489	30.6
48	491	6.2
48	493	11.1
48	495	14.5
48	497	9.7
48	499	14.5
48	501	12.9
48	503	15.2
48	505	26.2
48	507	33.5
49	0	9.7
49	1	9.7
49	3	7.8
49	5	11.8
49	7	13.3
49	9	7.9
49	11	6.1
49	13	12.4
49	15	12
49	17	10.9
49	19	14.2
49	21	15.3
49	23	10.1
49	25	10
49	27	12.7
49	29	4
49	31	16.7
49	33	9
49	35	8.8
49	37	28.1
49	39	15.3
49	41	11.4
49	43	5.4
49	45	7.2
49	47	10.1
49	49	11.8
49	51	5.9
49	53	9.6
49	55	13
49	57	10.5
50	0	10.4
50	1	9.5
50	3	12.2
50	5	11.8
50	7	9.6
50	9	14.8
50	11	9.9
50	13	8.4
50	15	10.1
50	17	10.9
50	19	14.3
50	21	11.6
50	23	9.7
50	25	9.8
50	27	9.3
51	0	10.2
51	1	20.6
51	3	6.8
51	5	12.6
51	7	9.6
51	9	12.5
51	11	13
51	13	6.7
51	15	8.2
51	17	9.6
51	19	7.7
51	21	14.6
51	23	6.4
51	25	22.2
51	27	23
51	29	19.4
51	31	12.1
51	33	9.3
51	35	15.7
51	36	11.2
51	37	17.2
51	41	5.8
51	43	7.6
51	45	11.2
51	47	8.1
51	49	15.8
51	51	21.8
51	53	11.3
51	57	13
51	59	4.9
51	61	6.1
51	63	11.9
51	65	6.7
51	67	13.2
51	69	7.3
51	71	12.5
51	73	9.1
51	75	6.4
51	77	17.7
51	79	7.3
51	81	24.1
51	83	19.5
51	85	4.6
51	87	8.4
51	89	16.2
51	91	12.8
51	93	7.8
51	95	6
51	97	12.3
51	99	6.2
51	101	6.5
51	103	13.2
51	105	23.3
51	107	3.1
51	109	9.6
51	111	21.5
51	113	10.7
51	115	8.7
51	117	17.4
51	119	12.4
51	121	20.6
51	125	13.2
51	127	5.6
51	131	19.5
51	133	13
51	135	20.6
51	137	8.2
51	139	14.2
51	141	17.1
51	143	14.4
51	145	5.8
51	147	23.7
51	149	10.5
51	153	5.3
51	155	15.4
51	157	8.2
51	159	18.4
51	161	6.5
51	163	11.6
51	165	9.2
51	167	19.4
51	169	17.3
51	171	9.8
51	173	18.1
51	175	17.5
51	177	6.4
51	179	4.8
51	181	11.6
51	183	20.7
51	185	17.6
51	187	10.1
51	191	14.2
51	193	14.7
51	195	21.5
51	197	14
51	199	4.4
51	510	8
51	515	18
51	520	21.3
51	530	13.3
51	540	21.8
51	550	7.9
51	570	7.4
51	580	15.2
51	590	20.8
51	595	20.7
51	600	5.6
51	610	3.1
51	620	19.4
51	630	15.4
51	640	20.7
51	650	14.2
51	660	28.8
51	670	17.9
51	678	22.4
51	680	19.8
51	683	8.7
51	685	6.3
51	690	23.1
51	700	13.2
51	710	19.5
51	720	20.8
51	730	20.1
51	735	4.4
51	740	17.9
51	750	26.7
51	760	25.1
51	770	17.8
51	775	9.3
51	790	13.2
51	800	10.8
51	810	7
51	820	13.3
51	830	18.7
51	840	12.8
53	0	11.3
53	1	17.9
53	3	16.3
53	5	12.5
53	7	12
53	9	13.6
53	11	9.9
53	13	14.4
53	15	14.8
53	17	13.1
53	19	21.1
53	21	17.4
53	23	14.1
53	25	16.1
53	27	15.9
53	29	8.2
53	31	12.4
53	33	9.2
53	35	10.1
53	37	17
53	39	16.8
53	41	13.4
53	43	12.9
53	45	14.2
53	47	19.6
53	49	16.3
53	51	18.8
53	53	11.3
53	55	8.9
53	57	11.4
53	59	12.2
53	61	8
53	63	13.9
53	65	15
53	67	9.7
53	69	11.1
53	71	17.7
53	73	14.3
53	75	23.7
53	77	18.6
54	0	17.4
54	1	21.3
54	3	11.2
54	5	21.3
54	7	21.1
54	9	11.8
54	11	20.6
54	13	21.3
54	15	24.7
54	17	21.3
54	19	20.2
54	21	24.3
54	23	15.8
54	25	17.6
54	27	14.9
54	29	14.6
54	31	13.9
54	33	17.9
54	35	15.8
54	37	9.9
54	39	15.8
54	41	19
54	43	24.4
54	45	23.1
54	47	32.8
54	49	18.8
54	51	16.9
54	53	18.1
54	55	22
54	57	13.8
54	59	24.6
54	61	16.3
54	63	17
54	65	12.1
54	67	18.1
54	69	15.7
54	71	14
54	73	13.2
54	75	16.8
54	77	16.6
54	79	9
54	81	19.6
54	83	17.7
54	85	17.1
54	87	21.6
54	89	25.4
54	91	17.2
54	93	15.9
54	95	16.6
54	97	20.8
54	99	17.6
54	101	27.9
54	103	17.6
54	105	19.1
54	107	16.2
54	109	22.3
55	0	10.5
55	1	13.6
55	3	14.9
55	5	11.6
55	7	12.1
55	9	8.8
55	11	10
55	13	14.1
55	15	5.2
55	17	10.9
55	19	13.7
55	21	7.5
55	23	12
55	25	11.1
55	27	7.9
55	29	8.8
55	31	11.7
55	33	14.2
55	35	11.8
55	37	12.5
55	39	8
55	41	15.7
55	43	12.8
55	45	7.7
55	47	8.9
55	49	8
55	51	13.7
55	53	12.6
55	55	7.5
55	57	13.2
55	59	9.7
55	61	7.8
55	63	12
55	65	9.2
55	67	12.6
55	69	9.2
55	71	8.6
55	73	7.9
55	75	12.3
55	77	10.9
55	78	25.2
55	79	17
55	81	12.8
55	83	10.7
55	85	10.3
55	87	6.9
55	89	4.2
55	91	9.7
55	93	8.6
55	95	9.6
55	97	11.3
55	99	12.1
55	101	10.3
55	103	11.5
55	105	11.3
55	107	14.2
55	109	5.2
55	111	8
55	113	15.3
55	115	10.3
55	117	7.4
55	119	12.1
55	121	9.6
55	123	14.4
55	125	11.5
55	127	10.3
55	129	12.2
55	131	4.9
55	133	4.1
55	135	9.6
55	137	11.7
55	139	7.9
55	141	8
56	0	9.5
56	1	16.8
56	3	11.4
56	5	5.8
56	7	9.8
56	9	8.5
56	11	7.5
56	13	13.5
56	15	15.6
56	17	12.2
56	19	8.3
56	21	10.2
56	23	7.4
56	25	8.8
56	27	12.6
56	29	10.5
56	31	10.7
56	33	9.7
56	35	4.7
56	37	5.8
56	39	4.4
56	41	8.9
56	43	10.8
56	45	9.2
